-1.7835753676827 0.476344310662935 0.22685793843903312
1.3089962743707648 -0.8404105197558286 0.29241808835693944
0.5868428289505427 -0.23028670928119108 0.7156062765442835
-1.2850027840807163 0.5103004321251774 0.343449207748981
0.8397710980278874 -0.7544262426559405 0.43968133691303607
-2.143725920075562 -0.5538736701085917 0.16942442006237218
-1.6892363065738547 -0.8564499995408772 0.21800618124849228
0.8498120002815001 -1.0886451360388334 0.34395835977945016
2.101647047538049 0.21409926619551276 0.1830576884516556
1.7868939706600433 0.9519541819859625 0.19610893104171265
-0.5408378169718734 1.8659826225098664 0.20945054727492252
1.4764423947842644 -0.1531871936378965 0.3121733436266686
-0.21422168929889737 0.10917842847401296 0.9453485840246874
0.3072574940016572 0.9551846811829119 0.49830949927866763
-0.059871794924791506 -2.0955399632525173 0.18536119698940598
-1.627500590338836 -0.13012663890794476 0.27279985382860106
0.17969687271602983 0.6389915760515211 0.6941546347259825
-1.2850742367441799 -1.8249511630573183 0.16717201257374023
1.721772131110023 0.7297545937942574 0.2223684399163119
0.5112159462762571 -1.4130189809536349 0.3069401264269517
1.7416771810054754 0.49194264083568096 0.23389367433502922
-0.38231954021294984 0.09556077297355056 0.865575971806948
2.136760969241109 -1.2514380892351016 0.14021617656268423
0.47342602260113487 -0.23821913544534623 0.7807129211298676
0.12805477652792166 -1.667963602590402 0.2632617719184911
0.14147113088331442 -1.6866669545155735 0.2587416181493884
0.08216484904480048 0.4967349465189265 0.7977683741190454
0.7609443037962943 0.9831197500845171 0.39284076362317794
1.3618334746392964 1.1888843705805026 0.2342997791948754
0.5187242530818827 -0.4746989066147708 0.669158656921566
-0.5416874300662827 -1.454914983777663 0.2932376854479585
0.4406023265722909 -1.6340097430094365 0.2587912520245838
0.14921094993805592 1.051328960611515 0.4700227722409766
0.23294205516933525 1.3256395717652087 0.35567161195544006
1.5905507659058267 0.772428218448229 0.24233629100109694
-0.22603246446875372 0.016417325657361412 0.9511488038058812
0.359843620670225 0.4782111686857029 0.736283036071348
1.4669094352354894 1.1945118390539002 0.21840347031291998
-0.19488771043524844 -0.08345923986153012 0.9569866425451519
0.5155005766639684 1.0194757310301117 0.4338260014821002
-1.7665939813424727 1.8092617446425256 0.1352396286639572
-0.0670126766827764 0.021988913348540067 0.9950504091634694
-1.6224309194009827 0.6209904319743013 0.2488855400282112
-1.45019786631136 0.05505213920794116 0.32194666058095506
-0.5666791719916464 -0.9555297509429865 0.447595038286153
-0.05292040902592977 0.07245350193057658 0.9920142066390167
1.3322203989137091 0.419939715223094 0.33884974440559845
0.12931702050670701 -0.2077117006130947 0.9435145730819532
-1.263692624181721 0.340824195544174 0.368584757325345
-1.2191282415282834 0.7923950114203346 0.3211135165128323
1.8369114746341817 1.6196515151121615 0.1429078793180679
2.294503159956779 0.9027565274289292 0.14124864168738238
0.7116413229704361 1.128787427864579 0.3596353316613751
0.3619780466336034 -1.1193833358771657 0.4194547898406674
0.7987583782868155 0.3071564502327834 0.5772472128436433
-0.8038284150490048 -0.5785327782914477 0.5048362565212919
0.9966359974664426 0.9516415461678419 0.34495784421127895
1.1560703481962709 -0.7367283783886579 0.34731057495712514
-0.8926567553372725 -0.5798129471214324 0.46881904755968506
-0.48702078615469524 0.623588420295556 0.6149865718265245
-0.1769367276783478 -0.09764272528942124 0.9607618081105316
-0.2791414558634909 -0.8782261261827177 0.5407740727740379
1.275658652885595 -0.7895775938634598 0.30762247498505796
0.25269887622799847 -0.028585492135036507 0.9392547752898678
-0.14033408191401628 0.6615412332153348 0.6861861663935717
0.4355796039839309 -0.1449874545475387 0.8259336878537151
-0.05905466912850075 -0.318249913647284 0.9051654030088754
-0.3891517942975946 0.19930166731140347 0.8395175881573819
0.9453251881823101 0.602346997424391 0.44317173072699795
1.0730466335934525 -2.0193143773083198 0.16053787554374824
1.2778796539801578 -1.1344485306970424 0.2551053025942141
1.2428520982534526 0.6905203823461675 0.33096147184698815
-0.8184732987498347 -0.8619494803090155 0.4144467092255391
1.5604088571646413 -0.5300241101966069 0.26912095222818816
0.5232682628049382 1.0412066054413172 0.42410244240673617
-0.3375561874746616 -0.721350823466601 0.6118860616671262
1.2218568469298696 -1.550197828891935 0.20424638599576436
-0.20772523699712628 -0.23646109550540462 0.909865433055605
-0.655393094324494 1.134070435334683 0.36823517095312863
0.040769621509358124 1.1145211961510961 0.4456686151755018
0.3788119624504778 0.038361031495283866 0.8733852742314854
-0.2404303604366995 -1.4483720264168272 0.3168981215684511
1.4950582244581627 -0.15228979331029896 0.3068999133001468
-0.5068389821820231 -0.10539637879476828 0.7886471712728665
1.0988546148426361 1.78919205595333 0.1848876640367645
-1.678176834733543 2.3819476601143417 0.10537460935620599
0.4367069888174518 0.11130316002723338 0.8311851439771684
-0.16926174123321536 0.9128123455341118 0.5370927202149294
0.030834686035092936 -2.232522197164452 0.1670814145692096
-0.47032380832621956 -0.9198221379658023 0.4837280533694959
1.2321569939947357 -0.12247392410903608 0.39475594830300775
-0.6611471812896916 0.8138180529461877 0.4763230712353781
0.22053622193368005 0.5906921597053579 0.7155361378501803
1.0034990920936566 -1.6359899258645583 0.21351674294635267
0.09515602897225721 -1.0533392248853242 0.4720146764113344
1.350000334431108 1.3499429187001886 0.2152923542840237
-1.0196969757132663 0.9527185714513116 0.33927579425727244
1.9811118272102106 0.9723417443571103 0.17035042244463997
-0.0954921029608614 1.0882573399454607 0.455908459266141
2.410410946220908 -0.8456890869834901 0.13288558048148583
-0.32920375186104833 2.1421841899966494 0.17552086915463752
0.3949350847449935 0.7604753864057443 0.5766026628734524
-0.33999148383840627 1.824415634233687 0.22501811654794385
-0.45502636191269363 0.14745983142459676 0.8138064597158062
0.19578515901433205 -0.4207488457238959 0.8228005133427367
-1.3634464436854254 -0.23454852336910348 0.34317099159986775
-1.9309276905409525 0.9728164423491905 0.1762160003780484
0.74639075566898 1.2624408591104237 0.3173740639654191
-0.689053757449085 -0.7562847836756318 0.48857664929315436
0.16631846782041873 -1.3758233663610195 0.3424010527397556
0.48026584271357586 -1.4035017855785963 0.31245386015331356
1.3554702812320143 -0.4148682446832806 0.33229045704072974
1.2337975993709236 -1.9564193222603448 0.15748445467569616
0.6110889732693197 0.30090271152913173 0.6830730918510177
0.5739149282394619 -1.9759634520001943 0.1910654031161101
-1.2271887661674155 1.5782649983174608 0.2001235693909696
1.0895343865378766 0.2998662854282151 0.43917339390850685
-0.3001485384727486 -0.07389716968593546 0.9127835860125499
0.5315804730349853 1.0381862003431792 0.4236555021476858
-0.053315393730046165 0.7225545308336179 0.6557688458811654
-0.7646444386881518 0.6368033381934656 0.5024621627910781
0.8164087846971668 1.0071159603380304 0.37302216264019433
-1.4871976965808837 -0.4214638813715435 0.2950384453844635
0.2689784513302133 1.0918656903619472 0.4415946685836174
-0.44915203719449337 -1.6333594084798546 0.25842460932883227
1.1456725909536307 1.2437127767000051 0.2591084955788049
-0.998718714689478 0.701683130647481 0.40163896218378775
-0.6852116731523576 -0.70098759198972 0.5099702651712056
-0.3192421293115429 0.5614553343768656 0.7056427849106852
-0.3196954544581363 -1.0203581393026864 0.46656242379703655
0.7516405129026579 -0.4534878754799194 0.5647756071274709
-0.7293381933644691 -0.6797298314082486 0.5015128526363668
1.054833222027043 -0.14977424458129518 0.46836094194039257
-0.7764679904578119 0.8163989433724067 0.4406432064584539
-0.8971522530621217 -0.688415236405417 0.43882789539939293
1.0414358901456564 -0.4365747139216476 0.4395244673094167
-1.129885577140969 -0.355612603707869 0.4161288649557738
-0.3154937097321364 0.45921192034779196 0.7631188513386316
-0.14040292330690207 0.004363770086760911 0.98064979532816
1.0698649824589481 -0.4614012073454788 0.42417776711273775
0.20201810542077023 0.43333557395149025 0.8139404992079136
1.4168598326364028 -0.18631531449430075 0.3287089266686435
0.06450561555871787 -0.9037972270832751 0.5491456824380018
-1.12247044521606 0.20926584604733356 0.4340782516761608
0.490281239421255 -0.8091224508157181 0.5276892161553236
-0.48326846561466236 -0.10812817808644529 0.8030579723202971
0.13869006355886845 0.689741235396152 0.6689062067720781
0.18030220213305725 -0.12153606764151978 0.9548545715052991
1.4363701204700463 1.40200602403982 0.1988553878141205
-0.301260305469034 0.02551191778953669 0.9162471075255773
0.0035710044092582285 0.8936841139912 0.5559620108344628
-0.3681332809358145 -0.09369361733945923 0.8738962422568449
0.32262093850617807 -0.2519111072153492 0.8564991545417476
0.12624769732128227 1.457378058337969 0.3184825670311123
0.3124064066115931 0.1409281587149921 0.8948878120443424
1.756470449138843 0.23186182455840093 0.2416072675457498
2.1488528817321475 -0.5069510402512545 0.17022528107830143
1.1552677790871682 0.011838491115734187 0.4283051834347906
-1.0436104588596788 -0.8844035065398539 0.3482752284790424
0.7397344741701134 0.5956734288056292 0.5257529775355015
2.072481342010612 0.18619902978321937 0.1876225764673794
1.0262568061730313 1.1511076589409093 0.29601108416230554
0.984885153018641 -0.03576466235919538 0.5072851536162635
-0.5205980441210629 0.6716902263923458 0.5806559969319949
-0.8978813783098473 0.2936249383964232 0.5284276718112263
0.40479177144333384 0.5402727480614765 0.6869306535938982
0.31856321656406145 -1.1405408628806826 0.41626497394167605
1.1378852176313563 -0.2225579000932639 0.4265638750289032
-0.984653246963927 -0.5604504095455773 0.43789611129215383
-1.5288724563245009 -0.5466950153280947 0.27500281394968845
2.015806678399667 -0.3427605422963875 0.19301437159360232
0.07791783667030185 -0.5751363604720475 0.7480253874120328
1.554294284559972 -0.9072043737128205 0.23591301469745463
-0.706453138604782 0.44899045415746475 0.5880040822760741
-0.11526387234048047 -0.7888751746229445 0.6113927656474241
0.309557573627263 2.74495312957388 0.11586688578439874
0.8087284551677721 0.2627937040378028 0.5803486141668834
0.986673993235026 -0.4944984670288342 0.45084558963615845
0.2545934066729379 1.5223077963155036 0.29566214877980707
0.008261686970109181 -0.2557795804092458 0.938534045230019
0.16036672088348128 -0.24899145552662388 0.9193591224004184
0.04046900383203605 -1.0991149513144074 0.45255187785255757
-0.5317251897656603 -0.09609826747875011 0.774013844677697
-1.4043768871564912 0.9620115379077022 0.2565588868777724
0.21959623663450012 0.2005288438696855 0.9187508861234066
0.156615378884679 -0.5665816896398599 0.7431942794286718
-1.1948193154359268 1.0620849224317581 0.2812450939345587
-1.9687317143466823 1.2303788411185963 0.15650097239932814
-0.31036936705753904 -0.7085344921909295 0.6256450906750372
0.15028687811170152 -1.6181510149838854 0.2746499079967922
-0.46983721065900425 0.3692750495063742 0.7368593658483026
-0.19620445215088134 -1.4788437976680022 0.31003183991871425
-0.3008932331398595 0.1903087178883023 0.8875050548337533
0.8303949508360888 -0.8785777553579198 0.40626383321255416
1.511076268583688 0.3919934981820887 0.2909505313979566
0.611943507588035 -0.41225643948582175 0.6474879742875039
-0.12255268350952025 0.6676773677380375 0.6845506774171941
0.3467368874138942 0.6881309727213732 0.627450702950901
-0.8233184829978797 0.7487915980243577 0.44671930159146034
0.6190252209110191 0.058228788387459623 0.7211974564503539
0.32855502562721844 -0.21541812013429884 0.8662858573653478
-0.026385593195741148 -0.21647652289658342 0.9546008225053823
0.44261938326664546 -1.602315937371453 0.2657222344619379
-0.07187568961974448 -0.6149163841024826 0.7229151136853481
-0.1876188314763914 0.23563115085093891 0.916823174728923
-1.0930575646429164 0.6886612304774705 0.374668072658054
0.8390286564966988 -0.5788130204497824 0.49043802808337916
1.2993816063444104 -0.23455751789248486 0.3645098899681183
-1.2225459265210414 -0.8862685289254207 0.3048696418312443
0.11605340114337309 -0.2282151341210081 0.9384819988001142
0.13185929691056564 0.11088930276052247 0.9711723873615645
0.5982055769244705 -1.0720673231085158 0.3988547671041725
1.1232605154415525 -1.1470243677069971 0.2795342556810651
0.9418437935565578 -0.6839412929086645 0.4246563235001818
-0.6520726471411635 -0.4053637771099914 0.629121323087222
-1.9027964732106146 0.5481476827829314 0.20320658773759523
-0.7257483819443332 1.1470450850154414 0.3518125030690392
0.19849930387189177 -0.5775874453988357 0.7283272228808105
1.288523102839754 -0.2838787408783247 0.36484646968052065
1.3050346035404687 -0.824134255617619 0.2956557012591099
-0.05435873044708056 0.6531177498144226 0.6995366502252044
-0.6951514990694309 -1.4928028104117979 0.26941862798000993
-2.2623748265908534 1.8968610055701238 0.10291854844571087
-1.2672362807763196 -1.3039940855320054 0.23221854063427452
1.1597735256913964 1.8514806947028049 0.1732185007409245
0.9366718766408345 0.19159748134735802 0.5224486249310853
-0.19814569185165157 -0.3107013403307097 0.8804389925933359
-2.1136889446422384 -1.050322042950402 0.152187141942975
-1.4112543998547324 0.2042552803686346 0.32966751836704483
0.4151222125079338 -0.8097639934503158 0.5470327319802463
0.19248472552327311 -2.485689044903491 0.13858668527100507
-1.1956483235708035 1.8566798763413144 0.17015961600420812
1.6639284081554448 -0.019964523514579165 0.2653184013539668
-0.6449556856871613 1.107087177038094 0.37855703727867324
2.3481998482007764 -0.5089423039265276 0.14764364879806152
1.2791506765279315 -1.688922560824039 0.18219297364354284
1.1383457227275346 1.750309521236387 0.18658754940556607
-0.2766360654940905 -0.6422002069399598 0.6716148479254506
1.950180839077462 -0.3812978270191066 0.2020776272566567
0.31780211265011404 1.0644512603386247 0.4476166201866815
1.1919137927658574 0.6806325913260233 0.3467503511292839
0.288669997874279 -1.1896897212767337 0.4002093894590363
-0.5090730104863406 0.03841349495265966 0.79325358350281
0.3911556322880018 -1.3627437607676056 0.3322178249249604
-0.9213835085117609 -0.4172203108338844 0.49431039894282763
0.6802329256370705 0.34451775283501856 0.6323473565172087
0.5913482638898641 2.0227114917145954 0.18378790199453304
-1.7911353961067422 -0.5858465197296029 0.21971347749607684
0.5358425802290081 -1.2070121158637432 0.36443075395120594
0.07767739423991396 2.13598508050714 0.1795826700759085
0.44966591380806137 -0.21329334563096652 0.8014788982684142
1.6908508701492617 -1.6575937392476214 0.1513639327661419
-0.5585413874088794 -1.112169268569637 0.3923278002139166
-0.40278926767655404 0.7365457085486105 0.586600137629344
-0.3802760166960396 0.00924549198486444 0.8735948994833995
-0.33081983069433674 -0.2308025915511531 0.8600585070996697
0.25305336242743653 0.9626850917489642 0.5023109846305299
-0.024621750985543627 0.3179395713296403 0.9076948730238408
-0.6242953122240188 -1.1313463918209858 0.37457542412003636
1.069104847677633 -0.20716361565372268 0.4574770634346458
-0.9823463316391438 0.46291813258509285 0.4588634613422285
-1.0897308638655376 1.0577914017123844 0.30244045202386516
-1.3339554135075866 -2.267940764993346 0.12621493934627812
-0.5857620869320549 0.1802276603235472 0.7269559161663092
0.6452934930111116 -0.779986609973147 0.4938801327696384
1.4448083401446175 0.3869255546875597 0.30891060123860475
-0.5926926915974958 0.3652870882971623 0.6735279935269486
-0.9923061325401155 1.6837381519478942 0.20748413427173112
1.7899619405239318 -0.31557018823875205 0.2323663944484284
0.02894619721291032 -0.19467473997139442 0.9627083959565672
1.6205342268793328 1.3554699170805453 0.18303520363342413
-0.6274282062703024 0.9262852246705573 0.4441147195702584
1.214837475439506 1.090777358959123 0.27280474888782474
0.09978508352934722 2.481438350987943 0.1395187900147063
-0.6657666988071191 0.22865605936944605 0.6686597672572918
-0.36579870714312657 -0.07039507517785018 0.8781449526259689
1.8957832377749808 0.5376867541917439 0.2047878946849454
-0.2216862579081837 -0.04859953325241521 0.9510162788210782
1.5741324017618112 0.053031783862301146 0.2872981036542669
-1.6653748212367245 0.9682805232993673 0.2122673339366681
1.6422282769862842 -0.7991811410680467 0.23064835985257523
2.853765491872439 -0.027539357995199954 0.10935252926514465
-0.41654831798586917 -0.5386833843811389 0.6832037081505986
-0.58410901617773 -1.1229708565546874 0.38428329180534787
-1.5850140332886198 0.9970747042070419 0.22190526992042145
0.11753882799502707 -0.4425298739718986 0.8266867269637861
-0.7974923592397878 0.25760248370810973 0.5874221972153599
-0.2357560906918037 -0.47962274607922945 0.7778354767505608
-1.891858803336616 0.07630427905288929 0.21810478794404092
-0.1736719013196566 0.16053763797471057 0.9470286508354336
-0.6178300237991028 2.3651426948041663 0.14335655809015874
-0.11225820119579163 -1.3074540173436058 0.36737181208391523
0.7354644435030079 0.9346671032453537 0.4141626150696369
1.8395690151194084 -0.39429612159889416 0.22028937422862052
0.03749499894028018 -1.3586292769712747 0.3512124607438861
-0.9747855833768064 -0.911530196594161 0.35957069997258545
0.11573624875938615 0.8235963461861063 0.5911193233169025
0.6675371685324303 -0.027231130960113654 0.691396822052918
-1.0272998365680484 0.756887576465525 0.38048510789862433
1.3663594372608086 0.49631751224024795 0.32120576174364335
-1.4641940999433416 -0.6318026542024774 0.28224358026310525
0.3483485672414451 -1.0969402606842418 0.4301769732074022
-0.44256816887274336 -0.6578452974552007 0.614014128487973
-1.142289720794239 -0.5083087636406222 0.39013677956877973
-0.2814867743794128 -0.6159028725778002 0.6856024803571334
0.1726211057167573 -1.3936819028996803 0.3364570802014998
0.13984022232630267 -0.8363285791037269 0.5817333020619986
-0.6256617753888514 -0.12227571956648735 0.7110332406324111
-0.8177988767975903 0.3940605016251257 0.5482219654008635
1.7291618248428435 0.7280029993439434 0.22123947727304605
0.015726185424505358 0.14487880600055525 0.9792044573735885
-0.9826925843640454 0.8226661696763111 0.378434624100761
-0.4644856814694422 0.29978220462099325 0.7659217994079265
-0.6176235219225004 -0.05545064013936585 0.722264890092444
0.28325267600755827 -1.0007998612385083 0.48034605496585014
1.3887881405831446 0.7156750122005617 0.2906196783053389
0.4226766591602383 0.43552962360938097 0.7308116568154754
-0.7799210950035612 0.39585331233410176 0.5665796984129854
0.5710106927062096 1.234602969720553 0.3508405450374334
0.6085607010647268 -0.5865662778104456 0.5832923630715234
0.35762610532287537 -0.617827183928738 0.6624241226146718
0.8616046233191016 1.9561574325357614 0.1795682108185832
1.0816311201224433 0.06035031653328505 0.46007301417045476
0.1073201451886854 -0.4598317700303498 0.817686312717551
1.4062878977561477 0.3237445295550894 0.32441661592825305
0.305773953848006 0.7165664839933285 0.6222909973895404
0.8701865946370173 0.49070028599219895 0.5004976247286246
-1.8324682378399135 -0.4538825269876079 0.2191084865652499
0.5804326736283201 1.3791867802469158 0.3087317110940627
-0.774296963049237 -1.0889155794043373 0.35903124273560805
-0.6115575933492692 -0.11996282631375559 0.7202567613294903
-0.6192375509377886 -0.9956397830819496 0.42109629755457234
0.050182588359190844 1.1049231507470125 0.4497669948107939
-0.07954965994608348 -1.0249408609110542 0.4861845986783205
-0.5654590269445587 0.8665843561109887 0.4829255963155958
0.6788602278225797 0.14430883423966898 0.6749112709153497
0.1348196405756848 -0.6096774330882271 0.7194850690764123
0.6499456554290871 0.3705342770893685 0.6411386599995407
-1.6489609293819798 -1.0387587777720457 0.20841618115228167
-0.21546797216427221 0.24806146571864685 0.9025588952466694
-0.4801483846016988 -0.31266587779965815 0.7528406055387316
-1.129928034597965 -0.4735817253714839 0.3998373439331971
-0.34388062308674333 -0.9088589050974805 0.5143296371319267
-0.7277712205133229 -1.0805432420697156 0.3707514689099654
-0.3835642935716253 0.31975953022712633 0.8004048611235536
0.57836729504298 0.003284499206069505 0.7493333653632116
-0.938365560600123 1.362272818916368 0.26764323198064843
-0.9778450805017755 -1.7131068706689283 0.20446067136789342
0.02615975315472919 -0.7594495798274234 0.6339353195231852
0.8968857981843426 -0.007920427099680206 0.5541803053580691
-0.9631714498430479 1.080547540622795 0.3230723164826356
0.13334015224419682 -1.0485615463641953 0.47230834612540556
-0.4283705173471427 0.4209936516301417 0.7348958933167257
-0.4475208276354309 0.6179937130681371 0.6320348957884041
-0.6825888833956112 -0.7197614737212634 0.5040362815166871
-0.10504028041775738 0.8925153289570735 0.5532145137228058
-2.0089328547661123 -1.0927023467702515 0.1605185485295135
1.1774705064660638 1.3498622445988187 0.23761068919661246
-0.30495070841663025 -0.4156038541571226 0.7900632180605368
-1.1879019397440245 0.5568683307270915 0.3674831294342707
0.5544444396168275 1.775669138790784 0.22419466058658974
0.465170581337454 -0.4320146212790643 0.7127480607704382
-0.8680889721760702 -1.581897824230453 0.23496355488972478
0.5251780930963136 -1.6231004168941832 0.2557370128034157
-0.9609290854000943 -0.4045301486095775 0.47914994622074736
-1.1903043913819804 -0.587518126539346 0.362056206430141
1.2226216008845734 0.43588389600664795 0.3724674518270809
-1.023565007169801 -0.29408386972937134 0.4685660922738842
1.1857090071883425 -0.030829162313595348 0.41547972989122406
-0.14625287572155757 0.2834808130969361 0.9076458749310525
0.004730702876534037 -1.1341153150104146 0.4373994120490094
0.9208152641816295 1.6257507289997382 0.22266923399541946
0.10251115577322298 1.730153044736636 0.24975411112911142
-0.9765879343162888 0.36838701561573567 0.4785987425070422
1.2638601323026908 -0.842645166996973 0.30235291234541456
-2.4868651824625383 -1.4263790213717493 0.10847098108423461
-2.5085407471668337 -0.7486461382982085 0.12733585334113065
0.7627624408232655 -0.6528696110779908 0.4979967408307005
-0.05022863666158577 -0.12351525187003072 0.9825316355033394
-1.7801685816748054 0.37731583302917376 0.23194497320002216
-0.8920461868447133 -0.9412391949817548 0.37290090051564234
-0.2378773305553028 0.8726711109769546 0.5500125013555707
0.0346435109614758 1.6849709610197026 0.2603944712704493
-1.1160532276286115 1.2168589298400716 0.2683612454133247
-1.6245075537870406 1.2680242998316984 0.19058835018559112
0.5006025990791765 -0.3328359440962696 0.7345472948315507
0.456983469046874 -0.7315451301229785 0.573397070311319
-0.9605953069473797 1.3231105057589057 0.27222997630779067
0.5042870657376546 0.7731013257771029 0.539959396955168
-0.014199590121101231 0.49635688771377895 0.8022000893596654
-1.5085004882422486 1.1142412281199918 0.2213806198145995
-0.5071453255989223 1.851137794187781 0.213496956747525
-1.440772341817275 -0.26616170331281674 0.3177965771857065
1.6509163422553557 0.6946958366929068 0.23763540935477484
0.012465291755617868 -0.5141873825001664 0.7907988667719484
1.7033732413926082 -0.19725568644623526 0.2537819728228734
-0.021827211684273366 1.3306412660291507 0.36086979068184755
-0.41881363849135983 -0.8362797949720004 0.5333991165887383
-1.2722554164572792 1.9072286789142763 0.15984258501777224
-0.19634079551045863 0.05357536400905595 0.9602273563862375
0.08605352669427578 -0.7677674407486477 0.6262242478447134
-1.2198677074952855 -0.5269580101335871 0.36156401436043006
0.8770439886520427 -1.0674138084542035 0.34381057123992537
-0.18133804291057504 1.7810908451360887 0.23780262284915132
-0.6512783681747863 0.6738566228863402 0.5324115483320805
-0.6217634922457317 -2.2509883126383277 0.15495375796999133
-0.1857827205841049 0.5606888537351763 0.7413518288322059
-0.003570059596417627 0.43585901689680473 0.8403461423861383
-0.42664674651988244 1.4595599854396786 0.30190111989046425
0.6318828223227957 -0.2614561511844399 0.6813682216657517
-0.9607551048591962 -1.2520476604306099 0.28647764915947405
2.317167886346163 -1.5165171138609825 0.11535234551963089
-0.3847792384469543 -0.5854222185524446 0.6707923813280283
-0.09728509061301209 -0.17536550161229106 0.9613374606547889
-0.36812899671053995 -0.7668256511227071 0.5802010328610947
0.6459278752533927 -0.6721670226703594 0.5350365110941513
1.255389257185659 -0.19850293142315106 0.3823498732581062
-0.7443963893987289 0.4591904216000176 0.5665780713585804
-0.1441168584444142 -0.8164639161831947 0.5926336835059097
-0.34252878786829993 0.9016947893143333 0.5180328628950475
2.023839902903866 1.1067542457439694 0.15820699799453586
0.21927187145715327 -0.45351354561986035 0.7976041950126632
0.14149788197382573 0.8570902744049609 0.5699222217015897
0.14653174679659234 -1.6461099728021493 0.2680139121837336
0.7920141975705149 0.2864887118192531 0.5850134970660189
-0.04569748866277303 -1.0847596065620604 0.4589699952932645
0.06100211758923134 -0.8236022770811593 0.594515486731421
0.9141237764329923 -0.5704698720044109 0.46273627499481285
1.5290004007101181 1.1316193979699385 0.2165249837815763
-0.12697168863411332 -1.285834333588869 0.3746031440501112
-0.027619220080917314 -0.31783807988875484 0.9076190263314727
-2.4379977134119897 0.1561295048327417 0.14350889315161058
-1.3086514422905386 -0.25943004635529776 0.35972872256645216
-0.6091060980435349 -3.4111390191645854 0.07688239048560455
0.21930797541704225 -0.09079689647417212 0.9466648417637948
0.7934606489073365 0.015814052017075034 0.6135609665964596
0.24317665950321718 -1.3558646901375297 0.34512463787594583
0.15243657791057902 0.4690428378564647 0.8043511575154842
0.06345342070571051 -2.0599235927435604 0.19057378078501583
0.8565034880857573 -0.8201354624648813 0.41558952754794526
-0.36182243035410955 0.35264493017732623 0.79663887359597
0.4777983117878074 -0.9638222878112109 0.463554288860341
1.3392659239163844 1.5054546647594305 0.19762740542478932
-0.6123206992457191 -0.7460788250883144 0.5177135022555575
0.8413732660351765 -0.5263109067182575 0.503800635892478
0.7769696836561572 0.21649255013863863 0.6058583178311189
0.5219347805271028 1.6163518772756815 0.25739964081406047
-0.7738795120931107 -0.7204779867320156 0.47214842953760167
-0.9225325424984767 0.7472468018129642 0.4150334969230685
0.06044560869126465 1.4270402171686296 0.3289368237206973
-0.5949741394084821 0.8505304220660235 0.4813718190883758
-0.754077753182545 0.11891357971874146 0.6318022606229075
0.5262758881621225 0.5110816843690688 0.6501228608274492
-0.13971965184872992 1.72753337785285 0.249756914547921
-1.666601430938744 0.18075050911559665 0.26245127395521395
-1.1157956631949333 0.01917296844028755 0.4453613812325521
-0.12882546171335343 -0.6028097197266105 0.7246505159894921
-0.35831177869067005 0.6033415646079742 0.6700578857630384
0.06337609058650935 -1.1989944189962092 0.40956680131169365
-1.5920357387855713 0.8374707655686512 0.2360753840369566
-3.056018423135253 0.06449200699117598 0.09667993540007429
-0.1286047103883418 -0.33473648749349 0.8860631840953963
1.138717538324823 0.42888164170837584 0.40312549733830816
0.026394144689852492 1.253532490874849 0.3887963878374965
-0.2556383761605965 -0.5204031542348796 0.7484075259471316
-0.22076291205738227 -1.8604468543333261 0.22172955092951932
-0.31729675952605546 -1.272893207419118 0.3675208112227785
1.9591644950563671 -0.934793557306585 0.17506498589836392
0.008152516267210308 1.0401482725320712 0.4803131890126908
1.0513758967558413 0.11455095607460672 0.4720291575386713
1.3030102812892679 0.8477853520030548 0.2926907112985466
0.20497652639094208 1.3236067706175008 0.35791617855955493
-0.16526060882517604 0.05328073501429286 0.9707325066085908
-0.025051340681975533 0.06937073781884025 0.9945895631319513
0.9672526149274069 -0.26408261874454175 0.4986742121214805
-0.48327877157264554 -1.2494724378054771 0.3578150710408182
-1.0062241453855112 0.17523787731421672 0.48942946289479017
-0.9035189421075768 0.5805182937454103 0.46439312865580684
0.2270009830569044 0.783833952752565 0.6002670785853114
1.3806904478909514 0.9110510487711909 0.2676430193825608
-0.8172188132061967 -0.10147229109622416 0.5958966978196478
0.4645438866635068 -0.09534559374963919 0.8163986370165788
1.4154477735286177 0.10699571497172912 0.33168150607553604
0.009794068269872112 0.9801064675831661 0.5100207313729107
0.4243114069778962 -0.3725485988503275 0.758246329607338
1.7538274127635343 -0.669489696456909 0.22103711710962173
-1.212296480046212 -0.7350719929038612 0.33222662108912265
-0.7877791202960058 -0.11017689286179293 0.6124693029263302
1.3149648606369466 0.0885727092154103 0.3653665123098726
-0.35357029607369267 -0.637710995245442 0.6528747878715974
-1.061337246985585 0.9090425065340253 0.33866217927843656
-0.7143760652440904 0.044555160184340865 0.6612364497209693
1.5957351007720115 0.47687506603586766 0.2649862763031734
1.227691099992016 -0.2975246998291629 0.3852456488664814
0.5711323455010341 1.4026645036596044 0.3036136215375371
0.760163190795553 1.37513641832088 0.2882801233115231
0.5539154538084982 0.3249920906407166 0.7079935786579621
0.08312725424040907 -0.9327361944041556 0.5327914634587884
-1.3232196238437706 0.3566241822045242 0.34745253254998026
-0.6095293626656538 -0.39638848866084964 0.6541720340680003
-0.3601390940927186 -0.16648875138336075 0.8639915915331909
0.7502260653752737 0.09482092648501461 0.636201052242272
1.6331335826444513 -0.4095317401609218 0.2607669673637959
-1.4392825331889703 -0.48045965853452705 0.3028123062650874
-0.1646265781328841 0.6381034038936048 0.6972149713097433
-0.9821062058901552 -0.14506950797640267 0.5036317485230367
1.3173624869382419 0.7584954472982494 0.3020455188032409
0.2638431998517146 1.6923543558106229 0.25421510896137606
-0.02268796802856658 0.7416146021963064 0.6449503449219541
-0.7532395818503059 1.6163275606559004 0.2392410517262264
0.9187135765942893 -1.3383736896751128 0.2750820675757795
-0.45448866730461107 0.02877360287749205 0.8282342615264866
1.7519744905915784 -0.6269291641743783 0.22409190602079762
-1.2594759738138164 0.4511663466738866 0.3584446768767541
-1.5099711404702023 0.9054019286051884 0.24391639000823592
-0.797354614230384 1.401541659336519 0.2777705708898991
-1.5198480428886667 -0.8763797146334397 0.24521947829065555
-0.7725867697772214 -0.6380687960702484 0.49899649176957844
-0.24093395821532076 -1.2021756286505527 0.3994766194204782
1.7276099389184079 2.1660355385414283 0.1152558915503522
0.9913843395057078 -0.4779769851942514 0.4522216709409071
0.6904725512333156 -0.18966205125117813 0.6610591060125476
-0.1541096212663351 1.9584098472452867 0.2057986271830642
0.42164038989817065 -0.06279573473385434 0.8462213388386617
0.8014685220461243 1.4437482054277362 0.2683295461866627
-0.7366683953220644 -0.27466776926963893 0.6180001028156129
0.8285309097601611 -0.041487048189725616 0.5923522665566957
-0.355749719238196 0.5343198343842757 0.7081874373192779
0.5152905714683275 0.1663195926758869 0.7732836200922343
-0.8071240136875355 -0.025273838563967015 0.6052946550568314
0.9960098619728731 -0.3295459248210216 0.47604626552004103
-0.08167266591153459 -0.19910420160424092 0.9557370389644984
-0.29264002392688804 -0.02380170555490776 0.920636778306149
0.2374935163449794 0.45204400771031833 0.7931805790728903
-0.795888925829241 -1.4444766555218491 0.2688206736338302
0.5606029473000113 -1.7131160330845883 0.23534715618362523
-1.3851973826832988 0.6736121143665739 0.29651373358491717
-1.4685975857222549 0.12312995184847016 0.3152644898963271
-1.1894487184830902 0.5850226271625808 0.3627078673455728
-0.7897682266535031 -1.2263117263662784 0.3197366084453967
1.0618266970770285 -0.35676008274131377 0.44350742339390764
0.49499946160438574 -0.5372138104436575 0.6520506704544663
-0.31538474528205346 -0.24758874553208066 0.8614987985265757
0.06717441145328262 0.12418137633681367 0.9804561597114676
0.7303532852531404 -0.24213169784882133 0.6281234694259759
0.9759610295971979 -0.22949506277511997 0.49871135103160613
1.477711758861656 0.1861694663849377 0.310723910624001
0.5546103697864005 0.21703065831788904 0.7381735541499076
-0.012296272763737749 1.2943405877232768 0.37376627852585026
0.5565789594999357 -0.13158753550069796 0.7535253205571121
-1.5315787717938776 -0.600595626219714 0.2698000423068692
-0.6227256473242981 2.4660021606486486 0.13388755841501798
-1.4153755219990385 -0.44347714586583037 0.3125039212230938
0.37666195305179506 1.1822325306651145 0.39377086257908483
0.11932776670177554 0.8204021415781094 0.5926632591915931
-0.3440110462326337 -0.4239321156749145 0.7703792039515271
-1.4602125623604927 1.2928172963415328 0.2081773179219133
0.5787042822319712 0.4934209556140551 0.6335678626581813
-0.8878774098432033 0.38679460942678223 0.516012815574361
-0.690377073248769 0.2278493490136903 0.6542208438646595
0.361678656392296 -0.777272659346245 0.576380756681061
0.3560204671674006 1.0091379095446658 0.46617658285002794
1.247269249429174 -0.7823700113172746 0.31567814744150124
0.45151930504515825 0.5569737081959717 0.660462984329424
0.4240743985826015 0.42869842668171537 0.7333413608644007
-0.5253092366834229 0.4110085196556466 0.6921000529021525
-0.9004124378475816 1.437411543657657 0.2579384089378638
0.35501385327177176 0.8365619911125678 0.5476838774453748
0.28198721315113295 0.18866545214874553 0.8967713566907841
0.9810057328972811 0.7204487083694219 0.4029952883743373
-0.8682428044371239 -2.6934006671751076 0.11100931900198882
0.6618416123502245 -0.8800288955480611 0.45198042927872356
1.0268894530478312 -0.3584445498967509 0.4580884681465621
-0.044645874311549996 -0.5695524970411165 0.7539298777827217
-1.56004253142873 -0.4588351063955873 0.27440395412331525
1.0068857327014449 0.6493304527264887 0.4106019196759967
0.5904368745515236 1.2804173289387988 0.3346625864567037
-1.197660056324474 -1.0256077928855973 0.28684026032746274
2.7331242706592915 0.1619545127167719 0.1176997115394618
-1.8745838600030302 -0.8282982042188151 0.19230242014099247
0.7407088243435798 -0.18637603495616334 0.6315581037439628
-0.3665609230235068 0.1864115418216956 0.8553469902417529
-0.3128097093657765 -0.9560800499940735 0.49703296759718213
-0.29490488589664116 -0.11114637180958686 0.9096512478985508
-0.3401391408028004 1.5682342880591007 0.2797161002257592
0.5912957170572147 0.0922606074451599 0.7362996839139627
1.651260252942472 -2.527514199080057 0.09886318753527955
0.58042548319761 1.714485592982737 0.23384403209155447
1.4542688405114874 1.132273166613697 0.2274308752438441
0.43108053444525263 2.726829041063616 0.1159900785127635
2.3551040196159474 0.5584900226628786 0.14580604834260155
1.9091307574791077 -0.646433015707308 0.19752478168478893
-0.32195848239778707 -0.5975845003402726 0.6845730440374936
1.476418410897016 0.7400056490296254 0.26828210521157925
0.31895596090503203 -1.407699901956199 0.32432236938295583
0.8732251201021067 -0.6818363664141228 0.448949313405662
-0.6133958728230879 -0.7715829149393629 0.5072036379233655
-0.30238068176812094 0.21319615353663426 0.8795951439944515
-0.5166413117565851 -0.33758550575871027 0.7241747242808212
-0.4991271833475792 -0.18886778147872563 0.7783318732536132
-1.5484524706879055 0.01567429317567541 0.2942950258165364
-0.008905651833347907 1.9305022315385698 0.21155432834616453
-0.19283254858828613 -0.12393517882194698 0.9500787574175737
-1.0944708666365082 -0.11372795208508148 0.4523248428300899
-0.07213844798499545 1.1245870508077542 0.4405480436034368
2.255099792196067 2.3336044037445314 0.0867213591584877
0.424514410477692 -0.4141676968660902 0.739783206002808
-0.7647153222626122 -2.6515202563560707 0.1160719057911129
-0.37331241176189084 0.6965788792432158 0.6155420836319652
-0.13656591910779534 -1.2427997851280144 0.39013709147862957
0.43188288394548324 -1.2380919114920845 0.3677289316764286
0.439148450001609 -1.9977084048205027 0.1929127620048982
0.4503894928312406 0.12702164885439654 0.8203545083951407
-0.524173063537183 -0.8593513937631235 0.49671122074162516
0.918388048649928 0.49780642300998196 0.4781833982490783
0.04521509910581217 -0.6014084351259568 0.7332794802467633
-1.9747600549061666 -0.5981308342733676 0.19020672119556734
-0.7858477477841995 0.06733673754531515 0.6164882549649854
0.13109905157663723 -0.6565379983921328 0.6904984831366249
-1.0324190318311819 0.6845659962608277 0.3945520784768061
-0.2228933943877644 0.6909711930206283 0.6548262491075484
-0.6950966035262506 2.0585220928209176 0.17480462321475793
-0.9432427588616319 -0.5464799286975132 0.4569658751233972
-0.5055847763786101 -0.07092005216712742 0.7932443378300094
-0.6715437305195441 0.5937155051173344 0.5544869104865402
-3.076127029347999 0.27384468057255995 0.09489873366308632
0.0873033750435557 0.16452001683227174 0.9664742499634855
-1.7179396532035582 -0.5007463454045292 0.23797831399590105
-1.71530156895469 -0.9212887758651364 0.2087232770738037
0.7877891081916284 -1.2415317596034923 0.3162542553434605
0.7409437138970599 0.47414461919500545 0.5637580131923493
0.7504738101796005 1.6987503997723 0.22477143698115012
1.296947025050486 0.5291785245833691 0.33759815493325707
-0.14473275226862267 -0.48241260688161536 0.7976583985629563
-1.4642059093708664 0.6009765931326438 0.2853008594562356
-0.12305131164886123 1.18362263548635 0.4138894394634883
0.3441461569596827 -0.5936864762541049 0.6798557737527737
-1.2520095369918152 0.47009579145212754 0.3586134368574583
1.3695501700356947 -0.9403337250665549 0.2659648610923864
0.8150792932933721 -0.36983110426005616 0.5552072247013106
-0.11276670625328072 -1.0346360331856335 0.48003347533671165
1.8601086052699853 -0.4040033662927424 0.21629933392954392
-0.5130735938535337 0.2382036938798442 0.7575840723549268
-1.4624979128131093 0.39015318568978885 0.3038479621977207
-1.2283802087465978 -0.7683806956273976 0.3226507092152174
-1.247003962902123 0.7079318998920521 0.3272051668374336
0.04290388716945859 0.5232702358896726 0.7839125569773507
-0.5197625096231328 -0.29761536714334647 0.7359824922623955
1.8359507553946521 1.3642165917753464 0.16046722702013863
0.26744115988595984 -0.8993511847297437 0.5318138129322098
1.6126273008995253 -1.402893886984056 0.17957583244635678
1.274021579927698 -1.0145467868432536 0.2737898634719525
-0.9924249176505117 0.13017598808433248 0.49953717754433385
0.8353918035302472 -0.2917684760858458 0.5608498821504354
0.9622536437483731 -0.5963308047118984 0.43829996523916837
0.34024472393748745 -1.7317222767215426 0.24303530589583766
0.5721536832232016 -0.05590640587041152 0.7516054121873653
-0.4439980776683114 -0.9839751155930423 0.4618209564769519
-1.2368896569052803 0.8988765552807513 0.2995917985355649
0.05660305048248829 -0.9602701693725155 0.5193934493041583
0.7336778324935352 1.1232517433840505 0.3571457090906667
-1.3727605681795976 1.6628944610520338 0.17700087558653374
-0.13670158857673148 1.1153851643871968 0.44193593959550753
-0.4872530689050475 0.7975955062974932 0.5337392185748216
-0.30167540834058365 -1.0739530383011495 0.44555671629517696
-0.8634228921667488 -1.7678834806871115 0.20530040091300128
-0.19897529372361014 -0.8623173869382528 0.560795113108809
0.21901276042990842 1.2705248531230524 0.37562918005496676
-0.8042327356146066 -0.45257084003680675 0.5400703412054251
0.13691999662874163 0.9092491216708412 0.5418641386760282
0.1571029776589029 -2.24929663600343 0.1643650977515801
0.3695305246436119 0.97376511109706 0.47966892094500524
0.5811037998585433 1.5681926517221256 0.26337207035124394
-0.45959211084720397 -0.17396097555682727 0.8054854659754926
-1.57609704309566 0.018855182301408948 0.2869903755328555
0.2451228794181478 -1.8577064461458477 0.22167254986102103
1.4464181278389256 1.2075447555947898 0.219766225390331
0.27967495495343564 1.1661673701892021 0.41014461270602676
-1.2558823979717775 -0.6567839052028065 0.33237987996885293
-0.2338021962953439 0.5083997169980279 0.7615370545437823
-0.5436257193000505 -1.2181690897213509 0.3597814876556195
0.10510712176817967 0.6645382074628052 0.688393022216485
0.49927529935312664 0.7657634043165744 0.5447603971169462
1.1462921447923449 -0.7231656192304348 0.35249071067043325
0.564253578833827 -0.7228299630780335 0.5432228113019961
0.1301739461947239 1.039368149748306 0.4768191038300401
0.6257134067406387 1.034006158838074 0.40639073755006616
-2.4602727356583696 0.38238493313611277 0.13890509118553482
0.5439411036849688 -0.1315312282531464 0.7615146411256095
0.16866437468342932 1.4923503740280941 0.3071670699460633
-0.01252823678350845 0.23722632469911936 0.9465813065498957
2.752541237064994 1.4895029010417893 0.09263460277989237
0.9172535224208117 -0.6313542379765527 0.44643610539572826
-0.6080762011997746 0.7148282840566559 0.5317066958979539
1.0482101984653753 -0.15756109401770102 0.4709051004632483
-0.5647848376200099 -0.5496559383857523 0.6168637356503094
-1.6531867769876407 0.35954064321576173 0.2589133514425572
-0.06827914144257521 -0.5059838820598246 0.7932216166502527
-0.16555184404596215 -2.283778635521138 0.16017805984818154
-0.3956174831009032 0.24770585195579528 0.8211047691543607
-0.5761577494669952 -0.15031738630526556 0.7382508836029921
0.2958507064644415 0.6009104046646999 0.6903117040956044
-0.7417115999250359 -0.014074044924311866 0.6450222251105736
-0.0548066161200184 -1.2644341823980134 0.3843496560860008
-0.24355872979915724 0.20397849230141105 0.9083245472618294
1.1808454405869948 0.45344747322463985 0.38461382167367314
-1.6903460317502288 -0.1504265606093126 0.25773874385551965
-1.5540676459574714 -1.4122615700484416 0.18485624409561613
1.2823856448278128 -0.13649194144862625 0.3754961723614078
-0.7515015313032415 0.8124981894308214 0.4494568149347528
-0.3690033612810058 -0.012403134477788682 0.8800358701073833
0.7164772629387989 0.8752329511405366 0.4387172564133964
-0.5862067809701118 -0.042773739213457375 0.7432358203744507
1.1396581537956934 -0.5134479332964031 0.3902515951212076
1.840148048947856 0.6540988922265899 0.20772788432477035
-0.5497768960699635 -0.4909805846253497 0.647955202116742
-0.5312090556933665 -0.3459936461803234 0.7133203554057528
-1.9742608395107024 -1.8114700042126235 0.12226240060246378
-2.5226261525687854 0.42386717636430904 0.13256786722226543
-0.3565822037422051 -0.376659934550467 0.7880074257366668
0.5767632054899262 -0.6170221902122129 0.5836443550293927
-0.10996963625965339 -1.126119443901714 0.4385506505994371
-0.33492850857225487 0.3751934063556945 0.798118230021591
-1.835798784748173 0.7531390096060335 0.2025367506905209
-0.2660200824129671 -1.463813395261551 0.3111855967339957
0.06257312797388874 0.5281281887625334 0.7795236109159969
-0.1389166662225028 0.26811090930732173 0.9164379926076345
0.2186470143595499 0.538680214325585 0.7473937128260688
0.6675535573842482 1.1761354748952388 0.3534914911152654
0.5932147331216981 0.5028565629902412 0.6231428619198974
-0.5343910700291807 -0.14638172735577068 0.7651101064136221
-0.7445861043109316 0.3413725078018557 0.5984642250020922
0.1814471712771479 0.8191177736086066 0.5868968230898055
-0.4567353995703178 1.1624461265594834 0.39064205665694735
-0.7581588665869122 0.07196879558724364 0.6329176516711666
-1.7523026616782384 -0.7774042691615192 0.21390731152578293
0.6782945961538159 2.6577467898222724 0.11731992177313448
0.20435306918268897 2.0405922214610226 0.19209429065339148
0.31938867509959257 0.011812400175103401 0.9073186200567546
-2.336405071495002 0.42706046546063625 0.15057589333106883
0.5245661048083524 -0.9162336209354345 0.47289067960634035
0.5431499395001934 -0.1490813912875477 0.7591647595785879
-0.5708168369882592 -1.247659809563185 0.346922656701901
-1.0694100225122123 -0.737810652688409 0.37202348352299874
1.1625909417897948 0.8638304934092063 0.3228075664602018
-0.545546617962243 0.37520306566443645 0.6952176554527195
0.2881016051423749 -0.6187137752471874 0.6822169978592791
0.4239119879993146 -0.4941680099150518 0.7022948348146791
-1.068947667525653 1.0976050839705065 0.2987405662704404
0.49021776433437236 -1.0706154714992124 0.4190182416849649
-0.4636759918426121 0.4661617329378871 0.6981766901627818
0.2191053604529632 -1.2397247761829389 0.38685846743167834
0.6922187205634227 -0.2338005183945287 0.6519629720537725
-0.819002946926339 -0.5168763706234448 0.5160153065905376
-1.5515509477823306 -0.39396124780634595 0.28070050879765723
0.5485521617930329 0.22056675752223784 0.7409827024774324
-0.49921200689970285 -0.1151967907375355 0.7920899185894961
-0.6204949471625 -2.6190611579371295 0.12129305192846522
-0.7591695542271132 -1.121795103085412 0.3527632179637308
1.075215365999463 -0.07808534437043158 0.4624950284177169
-0.07321477000988728 0.48324804813904526 0.8071747643041345
-1.1802416972396608 1.6597714934754764 0.19425729307667985
0.8763111888958626 2.0276118010561266 0.1700931675721499
0.3423423078851773 -0.4778710398065189 0.7431855534147935
-0.9944972423717061 0.3685795342681697 0.47061577724284265
0.30434375038081785 1.3282231480261475 0.350041778441198
-0.6933038545529728 0.6717228906704796 0.5176299918325149
0.7759520992736976 0.3735152305171867 0.5741796176271176
-1.0607652128468683 -0.3480707786792774 0.44516143059382124
0.5051233112979697 1.7533185340875328 0.23098553406719508
-0.7317417515824256 1.1731961911701274 0.3434260179707636
1.1974871101366296 -2.5149529631848075 0.11416875608061866
-0.49941310220661944 0.9392004400974799 0.46915077644871667
1.3290976009273754 0.051221037610753445 0.361125030903109
-0.32081830260951505 -0.34831575341939724 0.8168277979149813
-1.8377156462543274 0.2221069712387044 0.22591057363505318
-0.09076913186290295 0.534229279953252 0.7730126092289097
-0.5348690707797027 0.6392520314796488 0.5900651616332129
-0.6325797402818213 -1.1271796242985836 0.3744349262233803
1.3389798179142858 0.09266810871348317 0.356957452020273
-0.9125938054111841 -0.2880234981195659 0.5219792438434689
1.1185010119579888 0.6975139786646061 0.36528742771767003
-0.00989085816472015 0.5883433429392834 0.7428064479159879
-1.0839544180583043 -1.217395913532893 0.27344743452685133
-0.21793000424525827 1.173166824598616 0.41257293150757907
-0.8786583863182525 0.3989939850207359 0.5178029026519683
0.30296008881851666 -0.7354685018695338 0.6124828665551313
0.08435173171156021 1.3796688040499194 0.34357162771807875
0.9390415023901807 1.5466855116867073 0.2339709423125017
0.19411420991518216 0.7854808577517126 0.6043535802961942
1.131017780111537 -1.0138664474773214 0.3023773153465841
-0.21461537834492705 2.030301218582769 0.19349160796557596
0.29603945774971463 -0.20690181616931705 0.8846052590216097
-0.04591597820724032 0.6619419467721928 0.6943116486862245
0.852322861955313 -0.3664745521319125 0.5374154382854104
1.846660124212296 -2.4602220014167537 0.09557629047999801
-0.716932855492999 1.928956405674236 0.1910268742247856
0.029921533489167956 0.024459524751831913 0.9985086608967219
-0.4635193356604295 0.9552216707124309 0.4700797495357964
-1.4613645551124392 -0.09037748501925977 0.31809100075524754
-0.05460823231218208 0.9750841147040795 0.5118306874477806
-1.16294760177059 -0.18606067864232265 0.4189243721898005
1.556992023136775 -0.5891392530841799 0.2651599064837443
-0.3617617903558855 -0.6514907400360866 0.6429579037373558
2.3386123943344956 -0.798962483473096 0.1406974573694106
1.20340791147867 -0.02572917321182945 0.4083545099298192
0.0002610980756609349 1.7251134249103297 0.25150801710979964
1.1586841900239788 -1.0410204906586844 0.29186234821897944
0.6470609303178282 1.6997662997327245 0.23213202496612365
-0.1260697332499516 -1.6776376325413573 0.2610719570231152
-1.1168491264385176 -1.2517344916938755 0.26217878056576777
1.6320411846119756 -1.3330796240035945 0.18380123972043905
-0.32287964493694415 0.7006196758951375 0.6269123980860509
-1.8976182953010108 0.33255048697083117 0.2122446024675927
0.6816433774722608 -1.289049590720477 0.3198683123767306
-1.0481081524030305 0.5685701258935728 0.4129155547181805
0.13491002932332558 0.5449098683015587 0.7603825596858489
-0.6729755139065222 0.05814888473198401 0.6866823893281181
1.924678322824181 -0.43255355766797166 0.20443671726023166
-1.1694112667781746 -1.2521475462802134 0.2541040220845558
1.0123005189600942 -0.2181539660704979 0.48254548683106563
-0.5982037492770264 -1.5377987858150899 0.2686241969992996
0.09391363469830961 -0.042134517570970954 0.9895159906521501
-0.6169996490225098 -0.10751643663061168 0.7182626571281352
0.589743627173496 -0.8766501504121236 0.47251988948465806
-0.811548459355538 -0.6798376220333964 0.47152238344004616
0.8824517563458166 -0.5668374726352385 0.47618462078371954
-0.08959079612986308 0.3054512573076666 0.9079955516766279
0.20602100788400712 1.0739658574274982 0.45540506916174395
-2.0000825537389795 -0.29051408838016846 0.19666732826749964
-0.05361985981429064 -0.6411521559146168 0.707237998518257
0.7621511745079567 0.29484995768256494 0.599588354887655
0.16930429059485205 0.5925835426806156 0.7247326327564312
-1.2062105224123354 0.03998644448207499 0.40707616589277174
0.5371115079799719 -0.7375382551557289 0.5457170502917108
0.10598329759524142 -0.7675939326143995 0.6248309423210142
-0.18527788672413661 0.713727762886013 0.6477794834229422
-1.9168605735001494 0.14716030136907907 0.21294670785666403
-2.109333480643932 -0.6332837095161532 0.17093035371443172
-1.202484146813626 1.5420553872177998 0.207301020007384
0.13265943772095018 2.290181631156285 0.15967986282243046
-0.7852351298476458 0.5812270022105799 0.5116610005034264
-0.8516709509145475 -1.1980338017487822 0.3163927782180775
-0.28083994071162455 1.5459033332616057 0.2882934255762967
-0.30141598624996274 0.456785272531376 0.7695241461864976
1.1711182558793032 2.2219822241089937 0.13682280798224508
-0.17572762853971757 -0.5094937282390656 0.7749150341512387
-0.23610964587281524 0.6635831379248269 0.6684088315916649
-1.9203874012095576 -0.14242586838423338 0.21239661786297584
1.3834479245559201 0.2229493709471987 0.3374235157349784
0.8102190412014231 0.6526050692276585 0.48022706570039475
0.8119386417038555 -0.5656168441940576 0.5052631309203793
0.1726225825960447 0.6009050230970141 0.7189664928419309
-0.35242930588257315 0.6869484738533951 0.6265253459005183
-1.335430650413098 0.423280006831084 0.33754807263182074
-1.8289243329425164 -0.01929091802177688 0.23013178227628586
0.6841447637517489 0.7810548486876725 0.4812086264314379
0.7868057663251412 -0.39797094213658996 0.5626055707423062
0.006638608647618668 1.0005702405609809 0.49970395603264733
0.0861550208592219 0.1915213411301176 0.9577598120030879
0.056583042521896235 0.33738041789076134 0.8952333583004425
-0.19901444332413754 0.4346918587421631 0.8139585685186141
-0.4027541041779016 -1.0759812874854728 0.43104440431371405
-0.5171561595158143 -1.2091333381392773 0.36637365140117106
1.0627388757711842 1.7896394447916462 0.1875390341250344
0.9205781837586324 -0.7221750432239213 0.4221188619735953
-0.5367823411811015 0.183342801976897 0.7565728029187994
-1.638313280363248 0.25128213715968417 0.2668649923978386
-0.5001129206457204 0.07798517951215829 0.7960549924263514
1.6050405775361045 0.4291837930597336 0.2659324107033695
1.4497911818078673 0.3316699323629858 0.31134225292571555
2.356237062522947 -0.7272521487683512 0.14122800154186485
-0.21049328443590742 -0.74799427702136 0.6235180296542335
-0.6240570000465692 0.9338735735064433 0.4421712928054081
-0.7991079101629656 1.1979586459501383 0.32534308401479506
-0.3988640764843456 1.164640612047538 0.3975383934911047
0.9371789413438419 1.9249383670030515 0.17909297017141998
-1.1881249158754743 1.7411505266014622 0.1837139098880337
1.3061324458044836 2.0213607937920544 0.1472346081262219
3.39515596694337 0.7344876236420906 0.07653125977849579
0.11249785399098355 -1.256976015478723 0.38570656768555295
2.5036895809979325 -0.8925996933047086 0.1239895513285742
1.1953797330220846 0.8459374994425126 0.3180112382028376
1.3524767584819577 -1.3533097570570658 0.21456277548362762
0.6959572354267857 1.453676560115445 0.27796833936105836
-0.7163153541490628 0.7246393055484532 0.49062662500373266
-0.7610837744624596 0.4069776546049184 0.5731055361608994
1.744439281363247 -0.8925193107119423 0.20662612260313704
0.92836097295969 0.2207415288588168 0.5234010191477002
-0.7583607524412089 0.5165469047174989 0.5429082851788412
-0.17466919871424125 0.973579348370109 0.5054676239408282
-0.3012402343698347 0.6575180861108713 0.656566178477432
-0.678783454020517 0.37644882385534195 0.6240402672423415
0.23999084411268018 -1.2683017348144159 0.37506776127139385
1.3782820548527253 -0.029160212506215744 0.3447667478673678
-0.04396996293329676 -0.49891859183811454 0.7994543762754062
-0.15414908704032018 0.8068666837021268 0.5970877214868904
-0.771523103761459 -1.0517364858771558 0.37017876373595116
0.18535357642557618 -1.7480646621301357 0.2444936358897216
0.1384596700675049 -1.306407881115887 0.3668549983709538
1.37359875787569 -0.6258786228499194 0.3050177619638021
-0.3447559246307158 1.7881677218757335 0.23167451949515716
0.876843617179931 1.0851834163196596 0.33938827169519215
1.4348730804798382 0.494069351933686 0.30275825349087804
-1.2240592488715294 -2.076434495911627 0.1468450072531316
0.34861427203998363 -0.6342194059306625 0.6562686733845591
0.3470206802119143 -0.6191313187643586 0.6650055084562172
-0.951558703595246 0.27467016440572695 0.5048190874135616
0.6560542345345124 -2.414367099700432 0.1377490983091291
0.6505139307506608 -1.1698717592972663 0.35819591381722793
1.2041505146327758 0.3223220645609723 0.3915626127067568
0.5475906150470637 0.6403978181041385 0.5848073436621519
0.2765455473324747 -0.8582974967957225 0.551525730845871
0.2595384420187753 -0.9716427011644074 0.49715385839011184
0.3121137085278665 1.0897063403798148 0.43766072742260886
-1.1455200512310781 -1.9525722308706426 0.16327185020376075
-0.5450489637272912 -1.0699611132791707 0.40951799147455464
-0.21782246713027853 0.0866738348995301 0.9479041537719315
1.38348851970111 0.8185676761728209 0.2790105763509886
-0.9575059081401401 -0.4262191226439223 0.4765353278719564
-1.1381324690227947 -0.1560430032309837 0.43109116829255467
-0.13765567982555177 0.4470906799176582 0.8204527971909381
1.5531608575601679 1.3094799010160312 0.19504407590008452
2.2742696964425666 0.34887180600753787 0.1588811162387384
0.7169921788600729 -0.3749097654822113 0.6043628530824937
-0.7448128313003314 -0.8983347798505741 0.42341456632742436
0.7929584777805045 -0.7967792707626429 0.44176628956134123
-0.6485542852970121 0.810877347598777 0.4811984380697877
0.133343818386547 0.6802373585584026 0.6754459154999759
-1.701986770429618 0.12020755924364808 0.2556754305368472
-1.0553187696825221 -0.7190046733846688 0.3801319582943327
-0.24220976091598972 -0.7325398469688296 0.6268491282646943
0.641934164203832 0.41364709233606567 0.6316387649543251
1.8735905506482164 0.05911429499841741 0.22154105479763692
-1.031952448496899 -1.976085074952725 0.16750873083962886
-0.1776812106949444 0.5565816946622321 0.7455154660756502
-0.3765941727717341 0.07485252595569093 0.8715158429326725
0.056093555083264995 1.0030460716558491 0.4976986640758289
-0.31929765046193226 0.4682379031331928 0.7568889820177208
0.43739155239468525 0.24800053777242373 0.7982020423380141
-1.647915404584222 -0.5271755273800727 0.25040445218601576
0.27214814255791814 0.48385819991516993 0.7644188296557324
-0.17626280396369604 0.26828358511150496 0.9065816081474087
0.4722116500035588 -0.9106593908739451 0.4872619093663877
0.17098214073700982 -1.0193340295348154 0.4834942891435088
2.2872974047992427 -0.06244519705051158 0.16036875009151058
-0.6598113433786302 -0.1082558470648866 0.6910514121125719
0.26072341884100103 -1.1087667521269087 0.43528594843130985
1.4458790445386085 0.04151376347859236 0.3233849762028721
-1.2119225563269964 0.5425983376984637 0.3619032761467855
-0.6035335040931004 1.2070331768260905 0.3544613845531956
0.2846005126878169 0.4974213805901365 0.7527708657978632
0.07133403978481247 -0.15320587609088307 0.9722324711856066
1.8877131783186072 -1.1936644931727944 0.16699241415274968
-0.34691821266791567 0.44412464177884886 0.7589562854230897
-1.702929678247282 0.09429530886299345 0.25582899362958095
-0.14835328843161036 1.90001673630855 0.21588609503533096
-0.2815854253007171 0.3039664072452407 0.8534710332326271
1.3424671230739873 0.4193553366032411 0.33578716803370806
0.6915793913164413 1.3031945604658413 0.31480217616232714
-0.31268371193874755 0.26464186571366516 0.8563063040146508
0.1577699165211075 -0.4055103403495307 0.8408095436547126
-1.3236545490347305 -1.3435327831996822 0.21943579216899983
-1.5930726408766425 1.4506770193598584 0.1772312987390771
-0.3936553591765052 -0.6247474203608625 0.6471344738685855
0.750696209205894 -1.340179667377787 0.2976521490743634
1.0888758171607236 0.15196395510445965 0.45274607928635646
-0.549664870794065 0.1759147262783473 0.7501439557532232
-1.3460414948084667 1.9031345708795215 0.15543037433480936
-1.095958043625047 -0.9556840452527903 0.32108335808695126
1.0595362452807473 -0.34432347925822376 0.44619437646350846
1.116644794543346 -0.4469726588039979 0.4087170928319616
-0.21736928631674224 0.7117278004624747 0.6435810420195323
-1.998953164340468 1.388537313813367 0.14442832443643913
-1.1183662005063604 0.5470751159910175 0.3921516123776204
1.5765994362770654 -1.6650031990864846 0.1597979786541822
0.3322701672572522 -0.8969200963532484 0.5222289021408901
-0.11214760879439375 -0.5880118603405174 0.7361953972514986
-0.6605749449755279 0.36930554362659973 0.635830642808367
0.2290234600989278 -1.2881063819399783 0.368776464340058
-2.164954646418235 -0.6577030467328677 0.16340932192654695
-1.0183791781056422 -0.013442430892562095 0.4908513049271224
1.198025200488737 -1.0071883443311693 0.28988088934293554
-0.8875548328013811 -0.8142468261513343 0.40803811000392803
-0.4374949564076127 0.42877189809546895 0.7271420122697476
2.5732392965858355 0.36730804311810683 0.128924532450989
-1.936813120931988 -1.1248214530969678 0.1662104641860314
-1.1717664029139945 0.9720853658069456 0.30138760710127505
-1.320054258999667 -0.8222562664684785 0.2925132450797165
-0.2485122857646293 -0.23391640116349333 0.8956759318522519
1.3076471803478105 -1.8523371195260425 0.16283743706106218
-0.4204259358277526 -0.04017155672686373 0.8486286472816172
-0.15862691909577284 0.3375524564064343 0.8778828441354432
-0.30939172971282264 1.113498258938079 0.42815521000948575
1.8425968411593046 0.2528230187297702 0.22426137620374842
0.054244605726507994 1.7246143890546723 0.25143081304183446
-1.695123149784809 0.18042627724930527 0.2560166384134568
1.1846884750017166 0.6901822801545506 0.34724171084479055
-0.1245602280338236 -1.1922669692362746 0.4103379262903107
-0.032353794303784524 0.9210499413674096 0.5407218248397321
