-1.4269387693536992
0.5983521723223241
-1.390524074596386
0.5239394730303693
1.4896200771221273
0.22647324906190588
0.5173769729011292
0.6959352706414074
-0.08431364969633581
1.383879149619425
1.0838728058066653
-1.4637673832856477
-0.9758020629782591
-1.635258099359363
0.2334073295309618
-0.13253737563684295
-0.007726655789401965
1.1245829526401177
-0.7177038444534344
0.823233278651621
1.8673663371030294
-0.3556436941389384
0.38638175332606217
0.17912700164625997
2.2748993247216336
-1.5986971414813524
0.12774526589131233
0.4299444210023236
-0.6498806104720178
0.16268628603952123
1.0201818867534196
0.21675299635047074
-0.46504246314374437
0.8137346171971616
0.8479753136875509
-0.12220663803330001
-0.2871613909576519
-0.45655291476806953
-0.028166191542290546
-0.1879475021466198
-0.5977608251461592
-1.3482728576123841
-1.5199749280141608
-0.7253256687630981
1.3960746575091796
0.08026226267057757
-0.9810197978834236
0.42787632310794427
2.104330863629097
-0.17991925788295088
0.4210272467131099
0.24050871591921605
0.34371362695860136
-1.1010685739456678
-1.8912023745731719
-0.3767909860812115
-0.2632202163308364
0.19719248380612792
1.9891024344019224
0.40419473494838565
1.028586884370814
0.809386214037676
-0.132719305163381
-0.5884315722509671
-1.363472279747332
-0.0718889057513655
-1.26014924778563
-1.2014580123152532
-1.349824009079092
2.2565143558798435
0.12790931180599258
-0.40025479968841204
1.3402307615401976
-0.2572497258121044
-1.0383475447008714
-1.6851459004452052
-1.0610449995977165
0.0026873912004764695
-0.7002152457992211
-0.19861743261481324
0.39379281206596595
0.42151103091775727
-0.7525169421797901
0.6854599516775007
-1.4598251625314795
0.10038186375827654
1.8231376320204036
-0.05700615397862354
-0.7455024884880965
0.11847935151016266
1.1274712944588738
2.7747741875265572
-0.7456892913983173
0.9367401779907881
-1.1755539960346504
-0.1299769394128462
1.1598531302269095
0.4326159016719361
0.6779750872038119
0.7916618602829724
1.0159463746065664
-0.22836307721207866
1.194086383539566
-0.330174725783732
0.22678150754650458
-0.13004568194434166
-0.9199092411773657
-1.0147085089723138
0.6131595179699408
0.04578777267291582
0.2895645316890225
0.6569094276746124
-0.7523599197951005
0.2327858927385234
0.647679886165087
-0.26117667918792553
-0.6925106566246473
0.4133297582858058
-0.6560312408741097
-2.261837621409681
0.8767441978915765
-1.08531612624588
-0.31375697670845965
-0.5309297081294576
0.21111240448001772
0.4859966650089799
1.3442184204384464
-0.7343401670467016
0.5428332175542129
-0.2695828774455708
-1.3408072342323167
-0.9484310165656927
-1.2452872797024004
0.7742174603974908
-0.16538339304990993
0.538936891702325
-0.7618255089270908
-0.20276244468152918
-0.2622277368153162
-0.042902599547363064
0.8008855422352511
0.14865547374945243
-0.4395383339655395
0.751386445008712
-0.8319908403750107
1.3848860488051746
-1.4728547301390242
0.9165643510263186
-0.21936619655092543
-0.5366277702648999
-0.9293360865591105
2.0825642224872696
1.7955961841519057
-1.275894433634118
0.8070469925479178
0.9268099066758241
0.47142411260478545
2.3197432839771097
0.08938410515638959
0.2932529141383224
1.605057383360239
-0.04113471872527835
-0.5450189789993912
-1.2712541784620564
1.0011150398615927
1.3964886858035803
-1.6314233002504872
1.3700998430151252
1.1953935787842682
0.2723265808056538
-0.9581571533552301
-0.06686714205591977
0.07893569784403132
1.4421204973267698
1.2983363381976474
-0.0965936178377375
0.03242640121736016
1.8392938991276573
0.40793875050717615
1.1349916122664878
-0.8667074997264427
-2.3959479267527497
-0.2573504799491377
-0.011502561095342955
0.8075395371543755
1.5134143685140984
-1.4822099966394935
1.2211711927834283
1.247259446283495
-0.9835385912499539
0.752137632343288
0.6278545561144346
0.055477742402081566
-0.13696605822086758
-0.19313958794347755
1.1045295039613436
0.3600459043474657
-0.9597576529206827
0.16876006876969923
1.02533420873311
-0.4157831597371265
0.31614836197048946
-1.2058196612516816
1.7870632705147156
-0.29212543618314124
-0.15337515029269883
1.7007873462477765
-0.4489317975861711
-0.41592464487370845
-1.2589132445744124
0.4207430498733531
1.37367533451865
-0.007388034728415879
-2.5629714474148537
-0.35054308983425814
0.5114788374189978
0.19386571879056474
0.9883562649877226
0.7218001365336676
-0.7632512849244684
-0.13169668245827124
0.8482023651502463
0.33436415188720026
0.10526709429486253
-0.29671974362551057
0.15951618984378854
-1.4256227218452433
-0.6223324699158717
-0.7870895648506506
-1.1118628834329076
0.5934635654791948
0.49822105707873604
0.16990404192899491
-0.40287267726429044
0.9286527492057032
-0.20733140335970043
1.372371013332448
-0.018701527028165025
-0.046943921339183806
-0.938027103008997
-0.5441120429507319
0.5232410998540536
0.8311122435222273
-0.6659172038213886
2.009584183489131
-0.3641126455866285
-1.6370934978403449
1.3677318872148494
1.9206348617236566
0.11072667492104332
0.2888558079021969
-0.47030959428799796
-0.8136216924898961
1.9328029764952672
-0.2431605675461378
-0.3718702964898712
1.3237625580373584
-0.03486598383716279
0.45571730504419156
0.27238776635218553
-1.7746358889036122
0.21853123486339487
2.2244932725414865
-1.2169485124513997
-0.650016737492933
1.3788919330994631
0.9163522925133726
0.8373666482621791
-1.2494483977581923
1.097218489566653
-0.5685155073676164
-0.8717984533069715
-0.47255708554114434
0.9454728772233204
1.5294325235924275
-1.7460164493446055
-0.22988395907082204
-0.8209893170655141
1.6643111700930975
-0.29117027219918756
-0.9999816383631157
0.23907815948391312
-1.294402731574122
0.7498354432134202
1.7401422394517334
-1.3653541890679426
0.0017961753277356805
0.2699480871070296
-0.48743311324517463
1.1822896462343688
-1.217644702892858
-0.13043633512338695
-0.13673086674790247
-0.09185967148204051
-1.3891002431105335
0.5177855249056906
1.5371217239310286
-0.5855614204084613
-1.2194695120876136
0.8294239303524777
1.8728590238529845
1.085684886330433
-0.08873395706448661
-0.6710312482582288
0.1876221958476016
0.7906645259319083
0.3198026214963742
-1.477238527111573
-0.7263077749034891
0.1880781377803862
-0.006497102394465341
-0.508719787414359
0.8624039684016109
0.6350232781775845
-0.4964778190691675
-1.739732109620145
-0.7167486240052094
-0.7957960781825391
-2.206482548897188
-1.1774508516573146
-0.5848686552437565
-0.2468468236430832
-0.3475826555906302
1.339786510897193
-0.2379144013418105
-1.0654973820550806
-0.15384370333349975
0.006406295696711742
0.05367445341029618
-2.7068124120295116
0.5116581191201982
-1.1447242895813428
1.1220366553890704
-0.5398354110215104
-0.26022994386065024
0.6310711501433561
0.19243944543930142
0.3530285695233658
1.4817201834023672
0.5841734311972158
-0.18349933288374887
0.19097699717587108
-0.8439713982871814
-0.40657773157330784
0.05928598745755489
-0.7630998396380843
-0.6055403679469619
0.5752207038926892
-1.8107123654367172
-0.3211406620872464
-2.1466944458066832
0.4290336810612713
0.11542177152287728
-2.0745965712550927
0.6168917482336499
1.4053419590502658
0.053466858605007744
1.0870900639238874
0.18563119569418796
0.9313706264431155
0.8113668666253249
-0.189437545578592
-0.34625527540141
-0.7936864153452583
1.3572772536096618
0.954397439272592
-0.7981238166199319
-0.537928745896395
-0.27829413534898884
-1.7228502712213207
-1.6998771151585566
2.304047141805401
1.5337209183137033
1.0283151084696334
-0.7816806526804596
-2.2339079496875334
0.5793570433254867
-0.7003400434462851
1.8852687824984067
0.9384778429498056
-1.0698491949418272
-0.615622869844582
-0.9265359799943962
0.10423607944111901
-1.0236173016818124
0.6412911129061677
1.978936418786713
-2.729817056948334
-1.2988375107737906
-1.1863488978102232
0.06760471778628208
0.2027641439528077
1.290836072555504
-1.5172825904125933
-1.7158072336615235
-0.419913972844278
-1.0147449658708871
0.6166071613128645
-1.6893256919784694
1.4724834724578235
-0.7897195519582607
1.0975494182392231
-0.04636931796986759
0.3564264862156055
0.7913889387651925
0.1879480991256863
-0.16610244293608875
-0.2887106100892668
-0.6361802833849691
0.00690881112556025
-0.7022186002669069
-0.13962173742034356
-1.1127166534041535
-0.7018383744575528
-0.7623896615677251
0.34013240826640834
-0.10843949486462635
-0.695904293646187
-2.9765425076355885
0.8016264189069275
-2.244406965262435
0.6008722665909727
-1.6882434182413781
-1.6449846435313908
-1.2292754116306277
-2.37499905864862
0.2703408052382917
0.7700408584909435
0.41420802526162226
-0.7050765092431821
0.6612452666809768
-1.6610553108645418
-0.1868224924349852
-1.2577983946633036
0.04850656903842207
-0.864167495877539
-1.28450995674457
-1.4252940200007498
-1.1555839146856632
0.8955561066833733
-1.2013139168957105
0.937012345794171
-0.4288352407397442
0.23859961592895212
-0.3798784782794445
-1.429209145959073
-0.11099028541221173
-2.215665802753188
1.1130612373304534
-0.3397023683090115
0.11235256202994108
0.31602709755120345
0.23351258899008473
-1.7426450495654542
1.7369148850350438
0.3776111664310463
-1.0659665845304303
-0.058918149679917854
0.4012967589768813
0.996481156762678
-1.18054872705296
0.5187874857139361
-0.24973697898715014
1.1793498519714363
-2.3413151271218644
-0.885198062605684
-0.28633357645338964
-0.6012239639316742
-1.0380704155747518
0.7176970771877087
1.5353507933803718
-0.5355931426649422
0.09490695826359985
-0.8171291968311706
0.47666718055636154
0.8332219928678232
-0.7230160235270396
0.882500441639172
-0.1493316405796775
-0.08306533077388371
-0.9830969051351436
0.8261345637672689
-1.357761857865623
1.386684451176095
0.5141089521261194
-0.11564708108230656
-0.34195406424629515
-1.6974340813296742
-0.5000452741620434
0.36234500473667636
0.2829589249568559
-0.4090523391680624
1.4684799141676652
-0.5388885793271654
0.4968803523093412
-0.39264379453863757
0.8344126343560571
-0.1355418243842552
-1.9415392422343096
0.3882917002632143
-0.3487302980476358
0.25605397751172665
-1.5484818725463043
0.250941435728931
0.7592731769819835
0.6446632845730401
0.06257952279208824
-0.8739165911019607
-0.5401192194632218
-0.4992303481142918
0.0951354933857855
1.0940642479088762
0.4342218256727899
1.0991302360262107
-0.8314195768089138
-1.3801251661298743
-0.5033618107569708
0.5369287316625435
1.5733351707467977
0.04297925730659859
0.197203710329345
0.22011985893106806
0.41183442906203077
1.1796064549717837
-1.0176037277955063
-0.3223462913639621
-0.5090872950693899
0.8184654232703427
0.8447666147653993
1.5427802037423943
1.666973070047941
-0.4888121325488805
0.26038246157507283
-0.7443545781369695
0.5633775704658962
2.246942630517456
-0.4045658997736388
1.3880394271509664
-0.34828517045368634
0.6552740274087819
-0.030092444734265665
0.6995053219236875
-3.0954154689008218
-0.232330167308143
-1.1206076708882584
2.2564034756679248
-0.9480463483676053
0.09686481655680108
0.9770819049367748
1.6171671773739544
-2.251746414134728
0.2051153439342654
0.3061403720712042
-0.6627164931495896
-0.4863312472916114
1.5244569018519727
0.0029076239193179115
-0.19992788135126405
-0.5345336064557284
-0.8474538735833236
1.3437889281858562
-0.3489406351588003
-1.6346162180411075
0.8572780050841116
-0.14511988377268703
0.4680132460939421
-0.8492300323637674
-0.26019636047601774
1.325251876672497
0.8044104785616367
0.3445123444923972
1.2648796479987383
-0.18914067361487952
-1.1531851553808823
-0.8495358837199782
-0.9220771364827617
-1.351100533121966
1.0227190470549763
1.573711893397147
0.33981959718134136
-1.313613782503334
-0.2874108205398439
1.9187717266189632
-2.1806199175564993
1.6703723510185748
-0.04554224580300207
-0.7692640388175624
-0.331088416106809
-1.9308482219909193
-1.18506218104726
-1.0090428629269936
0.16325453020548164
0.03248442731191712
-0.6000832500999513
-0.22826603547020488
-0.48623414547874055
-0.652975648274084
1.0615724628073246
0.05948737145872854
1.194819820929134
-1.1459347319144606
-1.0489871240321573
-0.7978580149511573
0.1376761327231627
0.1775945349340469
-3.0956736550124933
-0.49496643344357427
0.025867801399490617
-0.9418241222324412
0.06699819868810884
-2.0543006009543183
-1.4224656441093495
-0.4628264391440019
-1.1421269628957873
0.23863654427438205
-0.28596040393537997
1.4229910142159414
-0.466592065882555
-0.6179616579266791
0.5895733376649214
1.4808344164070988
0.7457593987366493
1.038944105692197
0.9257407642269202
-1.1548138637440735
-0.21267251891053518
0.6288847536833934
0.8462117720146993
1.8058085866715452
-1.2901701453011034
0.9501063676292701
2.108540045607068
-0.1594440770015596
-1.301081581100757
1.2575414237776685
0.8908410353059748
-1.183510825745335
-1.1488529214164394
-0.3577882446652484
0.044466353179889645
0.6892013391631666
0.5622493793138176
-0.12602395625315854
-0.2714917109780302
-0.9135263910481732
-0.4604986675804248
-0.41460269229797714
-0.7837904467076863
-0.6853805469312124
0.6689353329425648
0.09770228891637646
1.2881876850428813
-0.8213513736370629
0.5950341878200238
0.12509215674830482
2.502043362689586
-0.7464502309727359
-1.3955888532772418
-0.7524259595171362
0.30289730395913356
0.3510044896764808
2.040906846946664
1.3144927367084906
0.41596006910540767
-0.1860577966367225
-0.8500549349165741
-0.08307357346485411
-1.9499859511103779
-0.41394175412843465
-0.3393644233270716
1.9073576765427598
0.41659116394906376
-0.0849044896716167
1.0868839224423956
-0.553811377563261
0.771882785705318
0.09152745433173126
-0.9222306218742
-3.534783604594387
-0.08622654226845396
-0.3098680370473527
-0.4836224696365131
-0.025362225662940448
0.6220859602850426
0.9609737484833654
-0.0448428186551803
1.4518344268743948
-0.7133232599576174
-0.7968828580174576
-0.8644902682433512
-0.7765980592457365
-0.7291693743261092
0.45360640903583893
-0.4600358737761113
1.1220270148134883
-1.0804920533691618
-0.11400825655835757
0.28389062157231904
-0.22579461028306286
-1.4346820159961329
-0.6582494959663231
0.8694093960040471
-1.421296032056314
-0.8080777478154314
-0.19998238824913542
0.6388184300491985
-0.5229101344428257
2.243214592858052
0.397657785780614
0.11002779150239848
-0.26285686826704396
-0.2890142783167609
-0.7699625810680348
-2.2564238758537734
0.4021556821230282
-1.1572804056930261
0.8414107606433218
0.3718256054254393
-0.8842524565126098
0.5639478274539129
-0.7549602142252856
1.1650144318962998
-0.4786756034749598
-0.6712739211716098
0.43822170514006
-1.4010047781073844
-0.20516459181131902
1.5253562519417887
-0.018931780041258797
-0.9534570765166711
1.838064870317037
-1.0384608270961013
1.707203635185898
-1.9444609547493914
0.7231920528793186
0.9405342140684091
-0.5638394552488762
0.1827594234503706
-0.5543226314095818
-1.0059017311602865
1.0705862549455494
1.6176158734604298
-0.8755224368981984
1.2824783855084245
0.9789023308235817
-0.7101528592151501
1.9490172459649862
-0.3804649392589618
-0.34405187437808493
-1.585077557714987
1.3970794847698813
1.1541569562504477
-1.0515069842013343
-1.4590237884422366
1.7758235477287492
-0.2709976135221193
-0.276883191828743
0.9685513238880706
-0.7528529377198924
0.3890152430414762
-0.983663034252009
-1.1001352247890024
0.7866075942000132
0.5227019476835203
-1.1800881756499892
0.1183527206793752
0.08987942971516097
2.626972219446575
0.07665710434350989
0.7058723059696235
-0.036715534909490394
-0.8861941375266355
0.054053306839668046
-0.602046485801638
1.6469802568684857
2.842536729588858
1.4308638627945405
0.6498731420270759
-0.13016205195024533
-0.7615615402259821
1.5988867606601331
-0.9721123768989857
-0.21481496547348733
-0.22975315939831498
0.3985310958282013
0.10230639114369057
-0.1931845952827398
-1.7468717135811156
-2.3928176252804665
0.5157804136493428
1.4642490023198278
-0.8716949486238225
1.1070097659075038
-0.13397978420962992
1.1142519414660492
0.22732003515608185
0.08122650520926207
-0.018697311654293038
0.17534369087901736
1.148063999533205
0.5904862983683716
-0.35870824261921846
1.1340563654114504
-0.5450210158688693
0.4534110579948309
-1.3515441751010424
0.890456504323901
0.31888790211057355
0.20997844957056977
-0.1624262181812933
0.7815357423265297
1.6730582819353341
-1.1116741025016188
-0.0962177104273995
-1.3418989684804956
0.08340218855261283
-0.41527487631702015
-0.7683484180592799
1.0449797217657086
-1.3466284184327515
0.6512102347250798
-0.7084394259138831
-0.25368361058714467
1.4780397198457338
-0.9513104998931995
-0.6364907172596191
0.7847374082793287
1.193060422106441
1.3381632697220602
1.0986695746517328
0.4935851255851244
-0.11175797506322956
0.37087542421556374
-0.6760430677996526
-0.4140290818730994
0.023870224716653857
1.6467546047555526
-0.6609571518462637
-0.15580340519020275
0.24510598474666886
-0.3307009202971804
1.1464303034278829
-0.08506271126305175
2.015102212216158
0.9670767510580193
0.16274070053958575
-0.47321339399254075
1.4626368810589685
-1.5395632988921641
-0.7652432611788259
1.5926223693540575
1.2144848145722789
-0.5929777175851468
-0.39550646166170705
-0.02383668874505474
-0.6089147594960779
0.8384579691752089
0.5043337173169109
-0.918348839280221
0.3100486438481027
0.773840004182538
-0.4344338709191475
0.41080667241546465
0.15713366558605446
0.19327719650116884
0.23198053401463073
0.41087454854853495
-0.23884791946087192
1.6914241328149942
-0.30596259988994573
0.7250303804886232
-1.195946492812764
-1.321634911404582
2.5211781680954393
1.8487929489475141
0.6703719744413227
1.1986011588672951
-0.3112240056245008
0.5258816858306965
-1.374112431446097
-0.8536116135516986
2.197968384666492
0.4459964607725044
0.7774169583856645
-0.10128095663100384
0.002115265200940794
0.699324787135507
-1.9746366292771396
-0.12867244030663447
-0.024106637618657098
-0.27866559385500783
-0.9737171362118158
-0.2504574447544707
1.0231233622437075
0.9750379833544695
0.6589254336921193
-0.27805897531570656
0.5182345414616553
-1.956734622191056
1.378286871330026
0.9759389842088477
0.8142831380007842
-0.15339297909194816
-1.0966403229865813
-0.9435742743875575
-0.5964289301223662
0.017025846630771505
-0.28913165579195277
1.2101951948699494
-1.1561844744582226
-0.12413508018698187
-0.8739578162754528
1.3561635713639868
-1.0983019740305757
-1.072953985129189
-0.39164099355141
-0.6550680597820656
-1.3885515325141282
0.7343228803601555
-1.5415858514025687
0.26860936915165845
0.30855289330584323
-0.49198733213750945
-0.44176729957618577
-0.20496881892931132
-0.37067103083401604
0.6651551060765218
0.3949078049705791
-0.8512313388038636
-0.05073439193706846
-0.010399230389538758
-0.7592988966592619
-2.053364091016109
-1.0399835889789095
-0.4448383713578153
-0.002023549902550114
-0.43873378709219557
0.7041398697477731
-0.08889887672170904
-0.8080536863985514
0.6425737145243604
0.5940975475956032
-1.5588515669033167
0.25833518716950454
-1.9130435331690112
0.09331387089473753
-2.3780057332488993
-1.207833971605535
0.7185595060332912
-0.8521672105675742
1.6727270297615728
0.34081972393414317
0.1707574956250051
-1.6085746056440178
0.8386405358760616
0.4306007140807169
0.465178345590921
0.12628476188797003
1.1095989849884789
-1.6485356185824946
-0.3419804544000174
1.2265798597135755
0.3643867565732796
-0.3740235920815973
0.2416323641001037
-0.2940697549485363
0.3555052262768443
1.7923786155546528
-0.9708190344280798
-0.39613345410806305
0.8986862765939295
0.23191979661595818
0.8094497199389319
-1.3558380292362
-0.09569405936430521
0.008375921453086984
0.20246424276141045
1.6702994765288568
0.8997561525232108
2.195625565488518
0.21732499779043207
-0.6888959716378722
-0.36934794231503804
0.8446759689473863
1.3101773414059166
-0.6882172904269005
0.42835758856899026
-0.2975488730101023
-0.6868004216058367
0.1516773251250753
0.3013390870573472
0.5255863480132661
-0.19595802017240838
0.39824863655010717
0.6240119311383813
0.4772393472943696
1.280307594980324
-1.592313365623284
-1.0358752488384197
-1.0008282429265225
